id,score
00618,0
00620,0
00623,0
00625,0
00629,0
00631,0
00634,0
00636,0
00637,0
00640,0
00641,0
00643,0
00644,0
00645,0
00648,0
00649,0
00650,0
00651,0
00654,0
00656,0
00657,0
00659,0
00660,0
00663,0
00668,0
00669,0
00670,0
00671,0
00672,0
00676,0
00677,0
00683,0
00684,0
00686,0
00687,0
00689,0
00690,0
00691,0
00693,0
00694,0
00700,0
00701,0
00703,0
00705,0
00708,0
00709,0
00711,0
00712,0
00715,0
00718,0
00720,0
00721,0
00722,0
00724,0
00726,0
00727,0
00731,0
00734,0
00736,0
00737,0
00740,0
00743,0
00744,0
00747,0
00751,0
00753,0
00754,0
00755,0
00756,0
00759,0
00761,0
00763,0
00767,0
00769,0
00773,0
00774,0
00781,0
00783,0
00784,0
00785,0
00786,0
00788,0
00789,0
00794,0
00796,0
00798,0
00805,0
00806,0
00807,0
00808,0
00810,0
00811,0
00818,0
00819,0
00825,0
00826,0
00827,0
00835,0
00836,0
00844,0
00850,0
00854,0
00855,0
00856,0
00857,0
00858,0
00861,0
00862,0
00863,0
00866,0
00869,0
00871,0
00873,0
00874,0
00875,0
00878,0
00879,0
00881,0
00883,0
00885,0
00887,0
00891,0
00893,0
00895,0
00898,0
00900,0
00901,0
00902,0
00906,0
00907,0
00911,0
00915,0
00918,0
00924,0
00925,0
00926,0
00927,0
00932,0
00934,0
00937,0
00939,0
00940,0
00941,0
00944,0
00945,0
00946,0
00947,0
00953,0
00962,0
00964,0
00966,0
00967,0
00969,0
00974,0
00975,0
00976,0
00982,0
00984,0
00988,0
00989,0
00990,0
00991,0
00992,0
00994,0
00995,0
00996,0
00998,0
01000,0
01002,0
01004,0
01005,0
01007,0
01008,0
01009,0
01011,0
01012,0
01015,0
01017,0
01018,0
01020,0
01021,0
01023,0
01024,0
01025,0
01028,0
01029,0
01031,0
01033,0
01035,0
01037,0
01038,0
01039,0
01040,0
01041,0
01042,0
01045,0
01050,0
01051,0
01052,0
01054,0
01064,0
01065,0
01067,0
01068,0
01072,0
01073,0
01076,0
01078,0
01082,0
01084,0
01085,0
01087,0
01090,0
01091,0
01092,0
01096,0
01097,0
01099,0
01100,0
01102,0
01103,0
01105,0
01108,0
01109,0
01110,0
01113,0
01115,0
01117,0
01118,0
01119,0
01120,0
01124,0
01125,0
01131,0
01132,0
01133,0
01136,0
01137,0
01139,0
01140,0
01144,0
01146,0
01147,0
01149,0
01153,0
01154,0
01157,0
01158,0
01163,0
01164,0
01165,0
01166,0
01168,0
01173,0
01174,0
01178,0
01181,0
01182,0
01184,0
01185,0
01186,0
01187,0
01189,0
01190,0
01191,0
01192,0
01198,0
01199,0
01207,0
01210,0
01212,0
01214,0
01216,0
01217,0
01219,0
01221,0
01226,0
01227,0
01228,0
01229,0
01233,0
01234,0
01235,0
01237,0
01238,0
01239,0
01241,0
01244,0
01248,0
01252,0
01257,0
01261,0
01262,0
01263,0
01264,0
01267,0
01268,0
01269,0
01271,0
01272,0
01275,0
01277,0
01281,0
01282,0
01284,0
01292,0
01293,0
01296,0
01297,0
01298,0
01303,0
01304,0
01308,0
01309,0
01310,0
01311,0
01313,0
01315,0
01317,0
01321,0
01323,0
01326,0
01327,0
01328,0
01330,0
01332,0
01333,0
01335,0
01336,0
01337,0
01338,0
01339,0
01341,0
01344,0
01345,0
01347,0
01350,0
01351,0
01357,0
01358,0
01359,0
01362,0
01363,0
01365,0
01367,0
01368,0
01370,0
01371,0
01372,0
01374,0
01375,0
01376,0
01377,0
01379,0
01382,0
01383,0
01384,0
01387,0
01390,0
01391,0
01392,0
01394,0
01395,0
01396,0
01401,0
01403,0
01406,0
01408,0
01409,0
01410,0
01411,0
01412,0
01415,0
01416,0
01420,0
01421,0
01423,0
01425,0
01426,0
01427,0
01429,0
01432,0
01433,0
01437,0
01441,0
01444,0
01447,0
01448,0
01449,0
01454,0
01455,0
01457,0
01458,0
01459,0
01461,0
01463,0
01465,0
01466,0
01467,0
01475,0
01478,0
01479,0
01481,0
01482,0
01484,0
01485,0
01486,0
01489,0
01491,0
01503,0
01510,0
01511,0
01513,0
01515,0
01518,0
01521,0
01523,0
01529,0
01531,0
01534,0
01535,0
01536,0
01537,0
01538,0
01541,0
01543,0
01544,0
01546,0
01547,0
01548,0
01549,0
01550,0
01554,0
01555,0
01556,0
01559,0
01560,0
01561,0
01563,0
01569,0
01572,0
01573,0
01574,0
01577,0
01583,0
01585,0
01586,0
01587,0
01588,0
01590,0
01591,0
01592,0
01593,0
01595,0
01597,0
01598,0
01603,0
01611,0
01612,0
01614,0
01615,0
01620,0
01624,0
01629,0
01631,0
01632,0
01635,0
01636,0
01637,0
01645,0
01646,0
01648,0
01657,0
01662,0
01663,0
01664,0
01665,0
01668,0
01673,0
01677,0
01678,0
01679,0
01682,0
01685,0
01686,0
01687,0
01688,0
01690,0
01694,0
01695,0
01699,0
01701,0
01703,0
01704,0
01713,0
01715,0
01719,0
01721,0
01723,0
01726,0
01727,0
01729,0
01730,0
01731,0
01732,0
01733,0
01734,0
01735,0
01736,0
01737,0
01738,0
01743,0
01744,0
01749,0
01750,0
01754,0
01756,0
01763,0
01764,0
01766,0
01768,0
01769,0
01773,0
01778,0
01779,0
01785,0
01786,0
01787,0
01789,0
01793,0
01794,0
01796,0
01798,0
01800,0
01802,0
01805,0
01806,0
01815,0
01818,0
01819,0
01820,0
01821,0
01824,0
01826,0
01828,0
01830,0
01832,0
01834,0
01836,0
01838,0
01841,0
01842,0
01843,0
01844,0
01846,0
01847,0
01849,0
01850,0
01851,0
01852,0
01857,0
01859,0
01861,0
01863,0
01864,0
01868,0
01869,0
01873,0
01874,0
01875,0
01877,0
01878,0
01880,0
01881,0
01883,0
01886,0
01891,0
01892,0
01894,0
01898,0
01899,0
01900,0
01902,0
01907,0
01909,0
01910,0
01913,0
01914,0
01915,0
01917,0
01918,0
01919,0
01922,0
01923,0
01924,0
01926,0
01933,0
01936,0
01940,0
01942,0
01943,0
01944,0
01948,0
01950,0
01951,0
01952,0
01953,0
01954,0
01956,0
01957,0
01970,0
01972,0
01973,0
01974,0
01975,0
01979,0
01980,0
01983,0
01985,0
01989,0
01990,0
01991,0
01993,0
01994,0
01995,0
01999,0
02005,0
02006,0
02010,0
02011,0
02015,0
02016,0
02017,0
02031,0
02032,0
02033,0
02035,0
02039,0
02041,0
02044,0
02046,0
02047,0
02050,0
02051,0
02052,0
02056,0
02057,0
02058,0
02059,0
02061,0
02062,0
02064,0
02065,0
02066,0
02068,0
02071,0
02076,0
02077,0
02078,0
02080,0
02086,0
02089,0
02091,0
02092,0
02100,0
02103,0
02104,0
02105,0
02107,0
02108,0
02113,0
02115,0
02116,0
02118,0
02122,0
02123,0
02126,0
02128,0
02129,0
02131,0
02132,0
02135,0
02137,0
02138,0
02139,0
02141,0
02142,0
02152,0
02156,0
02159,0
02162,0
02163,0
02164,0
02167,0
02168,0
02170,0
02171,0
02174,0
02178,0
02180,0
02181,0
02183,0
02184,0
02186,0
02190,0
02191,0
02192,0
02194,0
02195,0
02196,0
02198,0
02199,0
02200,0
02204,0
02205,0
02207,0
02208,0
02214,0
02217,0
02218,0
02219,0
02223,0
02224,0
02227,0
02228,0
02233,0
02236,0
02237,0
02239,0
02241,0
02242,0
02245,0
02246,0
02248,0
02249,0
02250,0
02257,0
02262,0
02269,0
02270,0
02271,0
02273,0
02274,0
02275,0
02276,0
02277,0
02278,0
02281,0
02282,0
02283,0
02285,0
02288,0
02289,0
02290,0
02292,0
02301,0
02304,0
02305,0
02307,0
02309,0
02311,0
02312,0
02313,0
02315,0
02316,0
02317,0
02318,0
02319,0
02320,0
02321,0
02323,0
02324,0
02325,0
02326,0
02327,0
02330,0
02332,0
02335,0
02336,0
02337,0
02338,0
02340,0
02343,0
02350,0
02351,0
02355,0
02360,0
02361,0
02362,0
02364,0
02365,0
02369,0
02371,0
02373,0
02376,0
02378,0
02387,0
02388,0
02392,0
02393,0
02394,0
02395,0
02396,0
02397,0
02398,0
02400,0
02401,0
02402,0
02406,0
02407,0
02408,0
02411,0
02415,0
02417,0
02419,0
02420,0
02422,0
02423,0
02424,0
02426,0
02427,0
02428,0
02430,0
02431,0
02434,0
02435,0
02443,0
02444,0
02445,0
02446,0
02450,0
02451,0
02453,0
02454,0
02460,0
02464,0
02469,0
02472,0
02473,0
02475,0
02476,0
02477,0
02482,0
02484,0
02485,0
02489,0
02490,0
02491,0
02492,0
02496,0
02498,0
02499,0
02501,0
02502,0
02504,0
02506,0
02508,0
02509,0
02511,0
02512,0
02513,0
02520,0
02522,0
02523,0
02525,0
02526,0
02527,0
02528,0
02530,0
02533,0
02536,0
02537,0
02539,0
02540,0
02541,0
02543,0
02544,0
02546,0
02547,0
02549,0
02550,0
02551,0
02552,0
02554,0
02558,0
02562,0
02563,0
02564,0
02567,0
02568,0
02575,0
02576,0
02580,0
02583,0
02584,0
02585,0
02586,0
02587,0
02589,0
02591,0
02592,0
02593,0
02598,0
02600,0
02601,0
02603,0
02604,0
02607,0
02609,0
02610,0
02612,0
02613,0
02614,0
02617,0
02618,0
02619,0
02621,0
02627,0
02628,0
02630,0
02631,0
02632,0
02634,0
02637,0
02638,0
02639,0
02640,0
02644,0
02646,0
02648,0
02650,0
02653,0
02654,0
02656,0
02660,0
02661,0
02663,0
02671,0
02676,0
02677,0
02679,0
02680,0
02682,0
02684,0
02685,0
02686,0
02688,0
02689,0
02691,0
02694,0
02698,0
02699,0
02700,0
02702,0
02704,0
02707,0
02709,0
02711,0
02714,0
02717,0
02719,0
02722,0
02723,0
02724,0
02725,0
02727,0
02728,0
02729,0
02730,0
02731,0
02732,0
02733,0
02734,0
02735,0
02736,0
02740,0
02741,0
02742,0
02743,0
02744,0
02745,0
02746,0
02747,0
02750,0
02753,0
02755,0
02757,0
02762,0
02763,0
02764,0
02768,0
02770,0
02776,0
02777,0
02780,0
02782,0
02783,0
02785,0
02788,0
02789,0
02791,0
02793,0
02795,0
02797,0
02798,0
02799,0
02802,0
02805,0
02809,0
02810,0
02811,0
02812,0
02815,0
02816,0
02817,0
02822,0
02823,0
02824,0
02825,0
02826,0
02829,0
02831,0
02832,0
02840,0
02843,0
02845,0
02846,0
02848,0
02851,0
02852,0
02856,0
02858,0
02863,0
02864,0
02866,0
02870,0
02871,0
02872,0
02875,0
02877,0
02879,0
02880,0
02882,0
02884,0
02886,0
02890,0
02891,0
02894,0
02895,0
02897,0
02905,0
02906,0
02909,0
02911,0
02912,0
02913,0
02916,0
02919,0
02922,0
02933,0
02934,0
02937,0
02939,0
02940,0
02941,0
02945,0
02961,0
02963,0
02964,0
02967,0
02968,0
02970,0
02972,0
02973,0
02974,0
02976,0
02978,0
02980,0
02981,0
02984,0
02986,0
02987,0
02988,0
02991,0
02992,0
02993,0
02996,0
02997,0
03000,0
03002,0
03004,0
03006,0
03007,0
03008,0
03010,0
03012,0
03013,0
03016,0
03019,0
03020,0
03021,0
03024,0
03025,0
03027,0
03029,0
03030,0
03034,0
03035,0
03036,0
03039,0
03041,0
03043,0
03046,0
03047,0
03050,0
03051,0
03056,0
03061,0
03065,0
03067,0
03068,0
03070,0
03083,0
03091,0
03092,0
03095,0
03098,0
03099,0
03101,0
03103,0
03104,0
03105,0
03109,0
03115,0
03116,0
03119,0
03121,0
03122,0
03124,0
03125,0
03126,0
03127,0
03137,0
03138,0
03140,0
03141,0
03142,0
03144,0
03145,0
03146,0
03148,0
03151,0
03152,0
03155,0
03158,0
03159,0
03161,0
03163,0
03165,0
03166,0
03168,0
03169,0
03170,0
03171,0
03172,0
03173,0
03176,0
03179,0
03182,0
03184,0
03186,0
03190,0
03191,0
03192,0
03193,0
03196,0
03200,0
03202,0
03203,0
03205,0
03209,0
03216,0
03218,0
03219,0
03220,0
03221,0
03222,0
03223,0
03224,0
03226,0
03229,0
03230,0
03233,0
03234,0
03235,0
03236,0
03237,0
03243,0
03244,0
03245,0
03246,0
03247,0
03248,0
03250,0
03251,0
03252,0
03254,0
03255,0
03256,0
03258,0
03260,0
03262,0
03264,0
03265,0
03269,0
03270,0
03271,0
03276,0
03277,0
03278,0
03279,0
03281,0
03284,0
03287,0
03295,0
03300,0
03301,0
03305,0
03306,0
03310,0
03312,0
03313,0
03316,0
03317,0
03319,0
03320,0
03321,0
03323,0
03326,0
03329,0
03330,0
03331,0
03332,0
03334,0
03344,0
03346,0
03347,0
03348,0
03349,0
03352,0
03353,0
03355,0
03359,0
03367,0
03368,0
03369,0
03370,0
03372,0
03373,0
03378,0
03381,0
03382,0
03384,0
03388,0
03389,0
03391,0
03395,0
03398,0
03399,0
03400,0
03402,0
03403,0
03406,0
03410,0
03411,0
03415,0
03416,0
03418,0
03419,0
03420,0
03421,0
03423,0
03425,0
03428,0
03429,0
03430,0
03432,0
03433,0
03435,0
03436,0
03437,0
03438,0
03439,0
03440,0
03445,0
03446,0
03448,0
03452,0
03455,0
03457,0
03458,0
03459,0
03461,0
03462,0
03466,0
03467,0
03470,0
03474,0
03475,0
03476,0
03480,0
03483,0
03484,0
03487,0
03488,0
03490,0
03491,0
03492,0
03493,0
03494,0
03495,0
03496,0
03497,0
03500,0
03501,0
03505,0
03506,0
03507,0
03508,0
03510,0
03512,0
03513,0
03514,0
03515,0
03516,0
03518,0
03528,0
03529,0
03530,0
03534,0
03535,0
03536,0
03537,0
03538,0
03541,0
03547,0
03548,0
03552,0
03554,0
03556,0
03558,0
03559,0
03561,0
03564,0
03565,0
03567,0
03569,0
03570,0
03572,0
03581,0
03585,0
03586,0
03587,0
03588,0
03593,0
03594,0
03596,0
03598,0
03599,0
03601,0
03603,0
03604,0
03605,0
03608,0
03609,0
03610,0
03613,0
03615,0
03617,0
03618,0
03619,0
03625,0
03627,0
03630,0
03631,0
03633,0
03634,0
03636,0
03637,0
03639,0
03640,0
03641,0
03642,0
03643,0
03644,0
03645,0
03648,0
03649,0
03650,0
03651,0
03652,0
03653,0
03654,0
03655,0
03656,0
03659,0
03660,0
03664,0
03665,0
03667,0
03669,0
03670,0
03671,0
03673,0
03676,0
03677,0
03678,0
03679,0
03681,0
03683,0
03687,0
03688,0
03690,0
03694,0
03695,0
03696,0
03700,0
03703,0
03704,0
03705,0
03707,0
03709,0
03710,0
03711,0
03715,0
03717,0
03719,0
03720,0
03721,0
03722,0
03725,0
03726,0
03728,0
03730,0
03732,0
03734,0
03736,0
03739,0
03741,0
03742,0
03744,0
03746,0
03748,0
03749,0
03750,0
03751,0
03753,0
03762,0
03765,0
03766,0
03767,0
03768,0
03770,0
03771,0
03772,0
03774,0
03776,0
03777,0
03778,0
03781,0
03784,0
03785,0
03787,0
03790,0
03791,0
03793,0
03795,0
03797,0
03799,0
03800,0
03802,0
03803,0
03806,0
03807,0
03808,0
03809,0
03810,0
03814,0
03817,0
03818,0
03821,0
03826,0
03827,0
03828,0
03830,0
03832,0
03833,0
03834,0
03835,0
03836,0
03839,0
03844,0
03845,0
03846,0
03847,0
03850,0
03851,0
03853,0
03858,0
03861,0
03863,0
03865,0
03866,0
03867,0
03871,0
03876,0
03878,0
03879,0
03883,0
03884,0
03885,0
03886,0
03887,0
03889,0
03892,0
03895,0
03896,0
03898,0
03899,0
03900,0
03901,0
03902,0
03906,0
03909,0
03910,0
03913,0
03914,0
03923,0
03928,0
03929,0
03931,0
03932,0
03934,0
03936,0
03937,0
03938,0
03939,0
03941,0
03947,0
03950,0
03952,0
03953,0
03955,0
03956,0
03957,0
03959,0
03963,0
03964,0
03973,0
03978,0
03983,0
03984,0
03985,0
03988,0
03989,0
03992,0
03993,0
03998,0
03999,0
04000,0
04002,0
04011,0
04013,0
04014,0
04015,0
04016,0
04018,0
04020,0
04024,0
04032,0
04034,0
04035,0
04039,0
04043,0
04044,0
04045,0
04046,0
04047,0
04048,0
04052,0
04055,0
04056,0
04061,0
04065,0
04066,0
04069,0
04071,0
04072,0
04073,0
04077,0
04078,0
04079,0
04080,0
04083,0
04084,0
04085,0
04087,0
04088,0
04089,0
04091,0
04092,0
04094,0
04096,0
04098,0
04103,0
04106,0
04107,0
04108,0
04110,0
04111,0
04112,0
04114,0
04115,0
04117,0
04119,0
04122,0
04124,0
04126,0
04129,0
04130,0
04131,0
04132,0
04133,0
04134,0
04137,0
04139,0
04144,0
04145,0
04147,0
04148,0
04152,0
04154,0
04155,0
04157,0
04158,0
04159,0
04160,0
04162,0
04167,0
04171,0
04173,0
04174,0
04177,0
04181,0
04183,0
04190,0
04191,0
04192,0
04195,0
04196,0
04197,0
04198,0
04202,0
04203,0
04204,0
04206,0
04207,0
04209,0
04211,0
04214,0
04217,0
04223,0
04225,0
04227,0
04228,0
04229,0
04234,0
04236,0
04238,0
04239,0
04242,0
04246,0
04250,0
04253,0
04254,0
04255,0
04256,0
04257,0
04258,0
04260,0
04262,0
04267,0
04268,0
04270,0
04272,0
04275,0
04276,0
04277,0
04278,0
04281,0
04291,0
04296,0
04300,0
04301,0
04302,0
04304,0
04308,0
04309,0
04311,0
04314,0
04318,0
04319,0
04324,0
04326,0
04327,0
04329,0
04330,0
04331,0
04332,0
04335,0
04336,0
04337,0
04340,0
04341,0
04342,0
04346,0
04347,0
04351,0
04352,0
04353,0
04354,0
04359,0
04360,0
04363,0
04365,0
04367,0
04368,0
04369,0
04371,0
04373,0
04376,0
04378,0
04380,0
04382,0
04384,0
04387,0
04388,0
04390,0
04393,0
04394,0
04397,0
04401,0
04402,0
04407,0
04410,0
04412,0
04416,0
04419,0
04420,0
04424,0
04425,0
04426,0
04427,0
04429,0
04431,0
04432,0
04435,0
04439,0
04441,0
04442,0
04443,0
04445,0
04446,0
04448,0
04452,0
04453,0
04455,0
04459,0
04461,0
04462,0
04466,0
04467,0
04469,0
04470,0
04471,0
04472,0
04474,0
04475,0
04476,0
04478,0
04479,0
04483,0
04485,0
04487,0
04490,0
04492,0
04494,0
04495,0
04497,0
04498,0
04500,0
04502,0
04504,0
04506,0
04509,0
04510,0
04512,0
04515,0
04517,0
04518,0
04519,0
04523,0
04525,0
04528,0
04530,0
04532,0
04535,0
04545,0
04546,0
04547,0
04548,0
04552,0
04553,0
04555,0
04557,0
04559,0
04561,0
04562,0
04565,0
04566,0
04567,0
04568,0
04570,0
04572,0
04573,0
04574,0
04575,0
04577,0
04581,0
04582,0
04583,0
04586,0
04588,0
04595,0
04596,0
04597,0
04598,0
04600,0
04602,0
04603,0
04605,0
04607,0
04610,0
04612,0
04615,0
04617,0
04620,0
04622,0
04630,0
04632,0
04634,0
04635,0
04646,0
04647,0
04648,0
04651,0
04652,0
04653,0
04657,0
04660,0
04661,0
04663,0
04666,0
04667,0
04671,0
04673,0
04674,0
04675,0
04677,0
04680,0
04681,0
04683,0
04684,0
04686,0
04687,0
04693,0
04695,0
04696,0
04697,0
04699,0
04700,0
04701,0
04704,0
04709,0
04711,0
04713,0
04714,0
04715,0
04721,0
04722,0
04724,0
04726,0
04728,0
04730,0
04732,0
04734,0
04738,0
04740,0
04742,0
04747,0
04751,0
04756,0
04764,0
04766,0
04767,0
04768,0
04771,0
04773,0
04775,0
04777,0
04778,0
04779,0
04785,0
04786,0
04789,0
04794,0
04796,0
04797,0
04799,0
04801,0
04805,0
04806,0
04808,0
04809,0
04810,0
04811,0
04812,0
04813,0
04815,0
04816,0
04834,0
04836,0
04837,0
04840,0
04841,0
04844,0
04851,0
04853,0
04862,0
04863,0
04864,0
04865,0
04866,0
04867,0
04868,0
04870,0
04872,0
04874,0
04875,0
04878,0
04882,0
04886,0
04891,0
04893,0
04894,0
04895,0
04896,0
04897,0
04899,0
04901,0
04903,0
04904,0
04905,0
04906,0
04915,0
04917,0
04918,0
04920,0
04922,0
04924,0
04925,0
04926,0
04927,0
04928,0
04931,0
04933,0
04935,0
04937,0
04938,0
04939,0
04941,0
04942,0
04943,0
04945,0
04946,0
04949,0
04950,0
04951,0
04952,0
04956,0
04958,0
04960,0
04962,0
04966,0
04968,0
04969,0
04971,0
04973,0
04975,0
04976,0
04977,0
04978,0
04979,0
04980,0
04984,0
04985,0
04986,0
04989,0
04991,0
04993,0
04995,0
04997,0
04999,0
05001,0
05002,0
05008,0
05011,0
05014,0
05020,0
05021,0
05023,0
05024,0
05025,0
05026,0
05027,0
05029,0
05032,0
05034,0
05037,0
05044,0
05045,0
05056,0
05060,0
05064,0
05065,0
05066,0
05069,0
05070,0
05071,0
05074,0
05078,0
05083,0
05084,0
05085,0
05086,0
05088,0
05091,0
05092,0
05093,0
05094,0
05096,0
05098,0
05099,0
05109,0
05114,0
05116,0
05117,0
05120,0
05121,0
05129,0
05130,0
05131,0
05133,0
05135,0
05138,0
05140,0
05143,0
05144,0
05146,0
05149,0
05150,0
05152,0
05154,0
05155,0
05160,0
05161,0
05163,0
05165,0
05172,0
05174,0
05175,0
05176,0
05177,0
05179,0
05182,0
05183,0
05187,0
05189,0
05193,0
05194,0
05196,0
05197,0
05201,0
05203,0
05206,0
05211,0
05216,0
05217,0
05219,0
05220,0
05221,0
05222,0
05223,0
05228,0
05229,0
05231,0
05233,0
05235,0
05237,0
05239,0
05241,0
05244,0
05245,0
05253,0
05255,0
05257,0
05261,0
05267,0
05268,0
05270,0
05272,0
05273,0
05275,0
05280,0
05283,0
05286,0
05288,0
05291,0
05295,0
05296,0
05298,0
05299,0
05304,0
05307,0
05309,0
05310,0
05313,0
05314,0
05315,0
05316,0
05317,0
05319,0
05321,0
05329,0
05332,0
05337,0
05338,0
05339,0
05341,0
05343,0
05345,0
05346,0
05347,0
05348,0
05349,0
05350,0
05353,0
05358,0
05359,0
05363,0
05364,0
05365,0
05372,0
05373,0
05376,0
05380,0
05381,0
05384,0
05385,0
05392,0
05393,0
05394,0
05403,0
05404,0
05410,0
05411,0
05415,0
05418,0
05419,0
05428,0
05431,0
05435,0
05436,0
05437,0
05439,0
05440,0
05442,0
05443,0
05444,0
05449,0
05450,0
05453,0
05454,0
05456,0
05457,0
05458,0
05461,0
05463,0
05465,0
05466,0
05470,0
05471,0
05472,0
05473,0
05481,0
05483,0
05484,0
05485,0
05486,0
05488,0
05491,0
05493,0
05495,0
05496,0
05503,0
05505,0
05512,0
05514,0
05518,0
05520,0
05521,0
05525,0
05527,0
05528,0
05529,0
05533,0
05534,0
05535,0
05537,0
05540,0
05543,0
05544,0
05545,0
05546,0
05548,0
05549,0
05554,0
05557,0
05559,0
05560,0
05561,0
05563,0
05570,0
05571,0
05576,0
05577,0
05578,0
05581,0
05582,0
05583,0
05584,0
05586,0
05587,0
05588,0
05591,0
05593,0
05595,0
05602,0
05604,0
05605,0
05608,0
05613,0
05616,0
05618,0
05619,0
05621,0
05627,0
05638,0
05639,0
05640,0
05646,0
05650,0
05655,0
05656,0
05657,0
05658,0
05659,0
05660,0
05663,0
05667,0
05671,0
05672,0
05675,0
05677,0
05678,0
05679,0
05680,0
05683,0
05685,0
05689,0
05691,0
05695,0
05698,0
05701,0
05702,0
05705,0
05706,0
05709,0
05710,0
05712,0
05714,0
05715,0
05716,0
05717,0
05718,0
05723,0
05726,0
05727,0
05728,0
05741,0
05742,0
05744,0
05746,0
05747,0
05749,0
05751,0
05752,0
05754,0
05755,0
05756,0
05760,0
05763,0
05764,0
05766,0
05769,0
05770,0
05773,0
05774,0
05776,0
05778,0
05779,0
05785,0
05788,0
05789,0
05790,0
05791,0
05792,0
05796,0
05798,0
05802,0
05803,0
05804,0
05805,0
05807,0
05808,0
05813,0
05814,0
05817,0
05818,0
05821,0
05822,0
05824,0
05827,0
05831,0
05834,0
05835,0
05837,0
05839,0
05840,0
05843,0
05845,0
05846,0
05848,0
05851,0
05853,0
05855,0
05861,0
05868,0
05870,0
05871,0
05872,0
05881,0
05886,0
05887,0
05890,0
05891,0
05892,0
05893,0
05897,0
05902,0
05904,0
05905,0
05907,0
05908,0
05909,0
05911,0
05912,0
05913,0
05918,0
05922,0
05924,0
05925,0
05928,0
05929,0
05932,0
05936,0
05939,0
05943,0
05950,0
05953,0
05954,0
05956,0
05957,0
05958,0
05960,0
05961,0
05962,0
05963,0
05964,0
05965,0
05966,0
05968,0
05969,0
05972,0
05977,0
05979,0
05984,0
05986,0
05990,0
05991,0
05997,0
05998,0
06001,0
06004,0
06005,0
06006,0
06010,0
06014,0
06015,0
06016,0
06018,0
06021,0
06023,0
06025,0
06026,0
06027,0
06029,0
06031,0
06032,0
06037,0
06041,0
06042,0
06043,0
06045,0
06046,0
06047,0
06049,0
06050,0
06052,0
06053,0
06054,0
06056,0
06058,0
06060,0
06061,0
06062,0
06065,0
06066,0
06068,0
06070,0
06071,0
06072,0
06073,0
06078,0
06079,0
06081,0
06082,0
06083,0
06084,0
06085,0
06087,0
06088,0
06089,0
06091,0
06097,0
06098,0
06100,0
06102,0
06105,0
06106,0
06107,0
06110,0
06113,0
06115,0
06116,0
06117,0
06119,0
06120,0
06122,0
06123,0
06125,0
06126,0
06128,0
06129,0
06133,0
06134,0
06135,0
06138,0
06140,0
06141,0
06143,0
06144,0
06146,0
06147,0
